# Constructed from biom file
#OTU ID	PV22	PV41	PV30	HV7	HV4	HV23	HV9	PV32	HV8	PV46	HV34	PV55	PV37	HV17	PV52	HV10	HV26	HV54	PV63
k__Bacteria;p__Actinobacteria;c__Actinobacteria;o__Actinomycetales;f__Corynebacteriaceae;g__Corynebacterium	6.25782227785e-05	6.25782227785e-05	0.0	0.0	0.0	0.0	0.0	0.0	0.0	0.0	0.0	6.25782227785e-05	0.0	0.0	0.0	6.25782227785e-05	6.25782227785e-05	0.0	0.0
k__Bacteria;p__Actinobacteria;c__Actinobacteria;o__Actinomycetales;f__Dermabacteraceae;g__Brachybacterium	6.25782227785e-05	0.0	0.0	0.0	0.0	0.0	0.0	0.0	0.0	0.0	0.0	0.0	0.0	0.0	0.0	0.0	0.0	0.0	0.0
k__Bacteria;p__Actinobacteria;c__Actinobacteria;o__Actinomycetales;f__Dietziaceae;g__Dietzia	0.0	0.0	0.0	0.0	0.0	0.0	0.0	0.0	0.0	0.0	0.0	0.0	6.25782227785e-05	0.0	0.0	0.0	0.0	0.0	0.0
k__Bacteria;p__Actinobacteria;c__Actinobacteria;o__Actinomycetales;f__Geodermatophilaceae;g__Blastococcus	0.0	0.0	0.0	0.0	0.0	0.0	0.0	0.0	0.0	0.0	0.0	0.0	0.000125156445557	0.0	0.0	0.0	0.0	0.0	0.0
k__Bacteria;p__Actinobacteria;c__Actinobacteria;o__Actinomycetales;f__Intrasporangiaceae;g__Knoellia	0.0	0.0	0.0	0.0	0.0	6.25782227785e-05	0.0	0.0	0.0	0.0	0.0	0.0	0.0	0.0	0.0	0.0	0.0	0.0	0.0
k__Bacteria;p__Actinobacteria;c__Actinobacteria;o__Actinomycetales;f__Microbacteriaceae;g__	0.0	0.0	0.0	0.0	0.0	6.25782227785e-05	0.0	0.0	0.0	0.0	0.0	0.0	0.0	0.0	0.0	0.0	0.0	0.0	0.0
k__Bacteria;p__Actinobacteria;c__Actinobacteria;o__Actinomycetales;f__Micrococcaceae;g__	0.0	0.0	0.0	0.0	0.0	0.0	0.0	6.25782227785e-05	0.0	0.0	0.0	0.0	0.0	0.0	0.0	0.0	0.0	0.0	0.0
k__Bacteria;p__Actinobacteria;c__Actinobacteria;o__Actinomycetales;f__Micrococcaceae;g__Microbispora	0.0	0.0	0.0	0.0	0.0	0.0	0.0	0.0	0.0	0.0	0.0	0.0	6.25782227785e-05	0.0	0.0	0.0	0.0	0.0	0.0
k__Bacteria;p__Actinobacteria;c__Actinobacteria;o__Actinomycetales;f__Mycobacteriaceae;g__Mycobacterium	0.0	0.0	0.0	0.0	0.0	0.0	0.0	0.0	6.25782227785e-05	0.0	0.0	0.0	0.0	0.0	0.0	0.0	0.0	0.0	0.0
k__Bacteria;p__Actinobacteria;c__Actinobacteria;o__Bifidobacteriales;f__Bifidobacteriaceae;g__Bifidobacterium	0.000250312891114	0.000187734668335	6.25782227785e-05	0.000187734668335	6.25782227785e-05	0.000250312891114	0.0	0.000375469336671	0.000125156445557	0.0	0.00081351689612	6.25782227785e-05	0.0	0.000125156445557	6.25782227785e-05	0.000125156445557	0.000375469336671	0.00168961201502	6.25782227785e-05
k__Bacteria;p__Actinobacteria;c__Coriobacteriia;o__Coriobacteriales;f__Coriobacteriaceae;g__	0.000688360450563	0.000375469336671	0.000563204005006	0.000375469336671	6.25782227785e-05	0.000500625782228	0.000438047559449	0.00162703379224	6.25782227785e-05	0.000625782227785	6.25782227785e-05	0.000250312891114	0.000187734668335	0.000187734668335	0.0	0.000125156445557	0.000876095118899	0.00100125156446	0.000312891113892
k__Bacteria;p__Actinobacteria;c__Coriobacteriia;o__Coriobacteriales;f__Coriobacteriaceae;g__Adlercreutzia	0.000125156445557	0.0	6.25782227785e-05	0.000125156445557	6.25782227785e-05	0.0	0.000375469336671	0.000250312891114	0.000125156445557	0.000187734668335	0.000375469336671	0.000125156445557	0.000250312891114	6.25782227785e-05	6.25782227785e-05	0.000125156445557	0.000312891113892	0.000187734668335	0.000125156445557
k__Bacteria;p__Actinobacteria;c__Coriobacteriia;o__Coriobacteriales;f__Coriobacteriaceae;g__Collinsella	6.25782227785e-05	0.000125156445557	6.25782227785e-05	6.25782227785e-05	0.0	0.00794743429287	6.25782227785e-05	0.000125156445557	0.00081351689612	0.000187734668335	0.0	0.0	6.25782227785e-05	0.0	6.25782227785e-05	0.0	0.0	0.000187734668335	0.000187734668335
k__Bacteria;p__Actinobacteria;c__Coriobacteriia;o__Coriobacteriales;f__Coriobacteriaceae;g__Eggerthella	0.0	0.0	0.000125156445557	0.000187734668335	0.0	0.0	0.0	0.0	0.0	0.0	0.0	0.0	0.000125156445557	0.0	6.25782227785e-05	0.0	0.0	6.25782227785e-05	0.000187734668335
k__Bacteria;p__Actinobacteria;c__Rubrobacteria;o__Rubrobacterales;f__Rubrobacteraceae;g__Rubrobacter	0.0	0.0	0.0	0.0	0.0	0.0	0.0	0.0	0.0	6.25782227785e-05	0.0	0.0	6.25782227785e-05	0.0	0.0	0.0	0.0	0.0	0.0
k__Bacteria;p__Actinobacteria;c__Thermoleophilia;o__Solirubrobacterales;f__Solirubrobacteraceae;g__	0.0	0.0	0.0	0.0	6.25782227785e-05	0.0	0.0	0.0	0.0	0.0	0.0	0.0	0.0	0.0	0.0	0.0	0.0	0.0	0.0
k__Bacteria;p__Bacteroidetes;c__Bacteroidia;o__Bacteroidales;f__Bacteroidaceae;g__Bacteroides	0.00544430538173	0.00688360450563	0.00375469336671	0.00575719649562	0.230100125156	0.0114518147685	0.00563204005006	0.0653942428035	0.027972465582	0.287234042553	0.00663329161452	0.0066958698373	0.0081351689612	0.00650813516896	0.0533166458073	0.0507509386733	0.00450563204005	0.0205882352941	0.0719023779725
k__Bacteria;p__Bacteroidetes;c__Bacteroidia;o__Bacteroidales;f__Porphyromonadaceae;g__Parabacteroides	0.000187734668335	0.000187734668335	0.000125156445557	0.000187734668335	0.00450563204005	6.25782227785e-05	0.000312891113892	0.00162703379224	0.000187734668335	0.00256570713392	0.000187734668335	0.000438047559449	0.000125156445557	6.25782227785e-05	0.00269086357947	0.00081351689612	6.25782227785e-05	0.000375469336671	0.0017521902378
k__Bacteria;p__Bacteroidetes;c__Bacteroidia;o__Bacteroidales;f__Prevotellaceae;g__	0.0	0.0	0.0	6.25782227785e-05	0.0	0.0	0.0	0.0	0.0	0.0	0.0	6.25782227785e-05	0.0	0.0	0.0	0.0	0.0	0.0	0.000312891113892
k__Bacteria;p__Bacteroidetes;c__Bacteroidia;o__Bacteroidales;f__Prevotellaceae;g__Prevotella	0.000125156445557	0.0	6.25782227785e-05	6.25782227785e-05	0.0	0.0	6.25782227785e-05	0.0	0.0	0.0	0.0	6.25782227785e-05	0.0	0.0	0.0	0.000125156445557	0.0	0.0	0.000250312891114
k__Bacteria;p__Bacteroidetes;c__Bacteroidia;o__Bacteroidales;f__Rikenellaceae;g__	0.0	6.25782227785e-05	0.0	0.0	6.25782227785e-05	0.0	0.0	0.0	0.0	0.000125156445557	0.0	0.0	6.25782227785e-05	6.25782227785e-05	0.0	0.0	0.0	0.0	0.000125156445557
k__Bacteria;p__Bacteroidetes;c__Bacteroidia;o__Bacteroidales;f__Rikenellaceae;g__Alistipes	0.0	0.0	0.0	0.0	6.25782227785e-05	0.0	0.0	0.0	0.0	0.0	0.0	0.0	0.0	0.0	0.0	0.0	0.0	0.0	6.25782227785e-05
k__Bacteria;p__Bacteroidetes;c__Bacteroidia;o__Bacteroidales;f__S24-7;g__	0.0145181476846	0.0100750938673	0.00556946182728	0.0122027534418	0.00337922403004	0.00463078848561	0.00844806007509	0.00982478097622	0.0058197747184	0.011013767209	0.00312891113892	0.0126408010013	0.00168961201502	0.000563204005006	0.0117647058824	0.00419274092616	0.000688360450563	0.00994993742178	0.0188986232791
k__Bacteria;p__Bacteroidetes;c__Bacteroidia;o__Bacteroidales;f__[Barnesiellaceae];g__	0.0	6.25782227785e-05	0.0	0.0	0.000125156445557	0.0	0.0	0.0	6.25782227785e-05	0.000125156445557	0.0	0.0	0.0	0.0	6.25782227785e-05	0.0	6.25782227785e-05	0.0	0.0
k__Bacteria;p__Bacteroidetes;c__Bacteroidia;o__Bacteroidales;f__[Odoribacteraceae];g__Butyricimonas	0.0	0.0	0.0	0.0	6.25782227785e-05	0.0	0.0	0.0	0.0	0.0	0.0	0.0	0.0	0.0	6.25782227785e-05	0.0	0.0	0.0	0.0
k__Bacteria;p__Bacteroidetes;c__Bacteroidia;o__Bacteroidales;f__[Odoribacteraceae];g__Odoribacter	0.0	0.0	0.0	0.0	0.0	0.0	0.0	0.0	0.0	0.000125156445557	0.0	0.0	0.0	0.0	0.0	0.0	0.0	0.0	6.25782227785e-05
k__Bacteria;p__Bacteroidetes;c__Bacteroidia;o__Bacteroidales;f__[Paraprevotellaceae];g__Paraprevotella	0.0	6.25782227785e-05	0.0	0.0	6.25782227785e-05	0.0	6.25782227785e-05	0.000250312891114	0.0	0.0	0.0	0.0	0.0	0.0	0.000375469336671	6.25782227785e-05	0.000125156445557	0.0	0.000312891113892
k__Bacteria;p__Bacteroidetes;c__Bacteroidia;o__Bacteroidales;f__[Paraprevotellaceae];g__[Prevotella]	0.000125156445557	0.000125156445557	0.0	6.25782227785e-05	0.0	0.0	6.25782227785e-05	0.000187734668335	0.000125156445557	0.000125156445557	0.000438047559449	0.000438047559449	6.25782227785e-05	0.0	0.000125156445557	0.000688360450563	0.0	0.000187734668335	0.0026282853567
k__Bacteria;p__Bacteroidetes;c__Flavobacteriia;o__Flavobacteriales;f__[Weeksellaceae];g__Chryseobacterium	0.0	0.0	0.0	0.0	0.0	0.0	0.0	0.0	0.0	0.0	0.0	0.0	0.0	0.0	6.25782227785e-05	0.0	0.0	0.0	0.0
k__Bacteria;p__Bacteroidetes;c__[Saprospirae];o__[Saprospirales];f__Chitinophagaceae;g__Sediminibacterium	0.0	0.0	0.0	0.0	0.0	0.0	0.0	0.0	0.0	0.0	0.0	0.0	0.0	0.0	0.0	6.25782227785e-05	0.0	0.0	0.0
k__Bacteria;p__Cyanobacteria;c__4C0d-2;o__YS2;f__;g__	0.0	6.25782227785e-05	0.0	0.000125156445557	6.25782227785e-05	0.0	0.0	0.0	0.0	0.0	0.000250312891114	0.0	0.0	0.0	0.0	0.0	0.0	0.0	0.0
k__Bacteria;p__Cyanobacteria;c__Chloroplast;o__Streptophyta;f__;g__	6.25782227785e-05	0.0	0.0	0.0	0.0	0.0	0.0	0.0	0.0	0.0	0.0	0.0	0.0	0.0	0.0	0.0	0.0	6.25782227785e-05	0.0
k__Bacteria;p__Cyanobacteria;c__Oscillatoriophycideae;o__Chroococcales;f__Xenococcaceae;g__	0.0	0.0	0.0	0.0	0.0	0.0	6.25782227785e-05	0.0	0.0	0.0	0.0	0.0	0.0	0.0	0.0	0.0	0.0	0.0	0.0
k__Bacteria;p__Deferribacteres;c__Deferribacteres;o__Deferribacterales;f__Deferribacteraceae;g__Mucispirillum	6.25782227785e-05	0.0	0.0	0.0	0.0	0.0	0.0	0.0	0.0	0.0	0.0	0.0	0.0	0.0	0.0	0.0	0.0	0.0	0.0
k__Bacteria;p__Firmicutes;c__Bacilli;o__Bacillales;f__;g__	0.0	0.0	0.0	0.0	0.0	0.0	0.0	0.0	0.0	0.0	0.0	0.0	0.0	0.0	0.0	6.25782227785e-05	0.0	6.25782227785e-05	0.0
k__Bacteria;p__Firmicutes;c__Bacilli;o__Bacillales;f__Paenibacillaceae;g__	0.0	0.0	0.0	0.0	0.0	0.0	0.0	0.0	0.0	6.25782227785e-05	0.0	0.0	0.0	0.0	0.0	0.0	0.0	0.0	0.0
k__Bacteria;p__Firmicutes;c__Bacilli;o__Bacillales;f__Paenibacillaceae;g__Paenibacillus	0.0	0.0	0.0	0.0	0.0	0.0	6.25782227785e-05	0.0	0.0	0.0	0.0	0.0	0.0	0.0	0.0	0.0	0.0	0.0	0.0
k__Bacteria;p__Firmicutes;c__Bacilli;o__Bacillales;f__Staphylococcaceae;g__Staphylococcus	0.0	6.25782227785e-05	0.0	0.0	0.0	0.0	0.0	0.0	0.0	6.25782227785e-05	0.0	0.0	0.0	0.0	0.0	0.0	0.0	0.0	0.0
k__Bacteria;p__Firmicutes;c__Bacilli;o__Lactobacillales;f__Aerococcaceae;g__	0.0	0.0	0.0	6.25782227785e-05	0.0	0.0	0.0	0.0	0.0	0.0	0.0	0.0	0.0	0.0	0.0	0.0	0.0	0.0	0.0
k__Bacteria;p__Firmicutes;c__Bacilli;o__Lactobacillales;f__Aerococcaceae;g__Aerococcus	0.0	0.0	0.0	0.0	0.0	0.0	0.0	0.0	0.0	0.0	6.25782227785e-05	0.0	0.0	0.0	0.0	0.0	0.0	0.0	0.0
k__Bacteria;p__Firmicutes;c__Bacilli;o__Lactobacillales;f__Enterococcaceae;g__Enterococcus	0.0	0.0	6.25782227785e-05	0.0	0.0	0.0	0.0	0.0	6.25782227785e-05	0.0	0.0	0.0	0.000125156445557	0.0	0.0	0.0	6.25782227785e-05	6.25782227785e-05	0.0
k__Bacteria;p__Firmicutes;c__Bacilli;o__Lactobacillales;f__Lactobacillaceae;g__Lactobacillus	0.00300375469337	0.00600750938673	0.00700876095119	0.00663329161452	0.000750938673342	0.000375469336671	0.000563204005006	0.00112640801001	0.000938673341677	0.0023153942428	0.00926157697121	0.00112640801001	0.00125156445557	0.000250312891114	0.000438047559449	0.0269086357947	0.00844806007509	0.00237797246558	0.00162703379224
k__Bacteria;p__Firmicutes;c__Bacilli;o__Lactobacillales;f__Leuconostocaceae;g__	0.0	0.0	0.0	0.0	0.0	0.0	0.0	0.0	0.0	0.0	0.0	6.25782227785e-05	0.0	0.0	0.0	0.0	0.0	0.0	0.0
k__Bacteria;p__Firmicutes;c__Bacilli;o__Lactobacillales;f__Streptococcaceae;g__Lactococcus	0.0	0.0	6.25782227785e-05	0.0	0.0	0.000375469336671	0.0	0.0	0.0	0.000125156445557	0.0	0.0	0.0	0.000125156445557	0.0	0.0	0.0	0.0	0.0
k__Bacteria;p__Firmicutes;c__Bacilli;o__Lactobacillales;f__Streptococcaceae;g__Streptococcus	0.0	0.0	0.0	0.0	0.0	6.25782227785e-05	0.0	0.0	0.0	0.0	0.0	0.0	0.0	0.0	0.0	0.0	0.0	0.0	0.0
k__Bacteria;p__Firmicutes;c__Bacilli;o__Turicibacterales;f__Turicibacteraceae;g__Turicibacter	0.000187734668335	6.25782227785e-05	6.25782227785e-05	0.000187734668335	6.25782227785e-05	0.000688360450563	0.0	0.0	0.000563204005006	0.000563204005006	0.000125156445557	0.000250312891114	0.000125156445557	0.0	0.0	0.000187734668335	0.000187734668335	0.0	0.0
k__Bacteria;p__Firmicutes;c__Clostridia;o__Clostridiales;f__;g__	0.00381727158949	0.0081351689612	0.013266583229	0.00732165206508	0.00738423028786	0.00387984981227	0.00563204005006	0.00287859824781	0.000688360450563	0.0106382978723	0.0100125156446	0.00331664580726	0.0150813516896	0.000750938673342	0.0125782227785	0.00369211514393	0.00413016270338	0.00237797246558	0.0134543178974
k__Bacteria;p__Firmicutes;c__Clostridia;o__Clostridiales;f__Christensenellaceae;g__	0.0	0.0	0.0	6.25782227785e-05	6.25782227785e-05	0.0	0.0	0.0	6.25782227785e-05	0.0	0.0	6.25782227785e-05	0.0	0.0	0.0	0.0	0.0	6.25782227785e-05	0.000125156445557
k__Bacteria;p__Firmicutes;c__Clostridia;o__Clostridiales;f__Christensenellaceae;g__Christensenella	0.0	6.25782227785e-05	0.0	0.0	6.25782227785e-05	0.000312891113892	6.25782227785e-05	6.25782227785e-05	6.25782227785e-05	0.0	6.25782227785e-05	0.0	0.0	6.25782227785e-05	0.0	0.0	6.25782227785e-05	0.0	0.0
k__Bacteria;p__Firmicutes;c__Clostridia;o__Clostridiales;f__Clostridiaceae;g__	0.0	0.0	6.25782227785e-05	0.0	0.0	0.000125156445557	0.000250312891114	6.25782227785e-05	0.000125156445557	6.25782227785e-05	0.000125156445557	6.25782227785e-05	0.0	0.0	6.25782227785e-05	0.0	0.0	0.000125156445557	6.25782227785e-05
k__Bacteria;p__Firmicutes;c__Clostridia;o__Clostridiales;f__Clostridiaceae;g__Clostridium	0.000125156445557	0.0	0.000876095118899	6.25782227785e-05	0.000125156445557	0.0	0.0	0.000125156445557	0.0	0.000125156445557	6.25782227785e-05	6.25782227785e-05	0.000125156445557	0.0	0.0	6.25782227785e-05	0.0	0.0	6.25782227785e-05
k__Bacteria;p__Firmicutes;c__Clostridia;o__Clostridiales;f__Clostridiaceae;g__SMB53	0.0	0.0	0.0	0.0	0.0	6.25782227785e-05	0.0	0.0	6.25782227785e-05	6.25782227785e-05	0.0	0.0	0.0	0.0	0.0	0.0	0.0	0.0	0.0
k__Bacteria;p__Firmicutes;c__Clostridia;o__Clostridiales;f__Dehalobacteriaceae;g__Dehalobacterium	0.0	6.25782227785e-05	0.0	0.0	0.0	0.0	0.0	0.0	0.0	0.0	0.0	0.0	0.0	0.0	0.0	0.0	0.0	0.0	0.0
k__Bacteria;p__Firmicutes;c__Clostridia;o__Clostridiales;f__Eubacteriaceae;g__Anaerofustis	0.000250312891114	0.0	0.000563204005006	0.0	0.0	0.000187734668335	0.000375469336671	0.0	0.000187734668335	6.25782227785e-05	0.0	0.0	0.0	0.000250312891114	0.0	0.0	6.25782227785e-05	0.000125156445557	0.000250312891114
k__Bacteria;p__Firmicutes;c__Clostridia;o__Clostridiales;f__Eubacteriaceae;g__Pseudoramibacter_Eubacterium	0.0	6.25782227785e-05	0.000125156445557	6.25782227785e-05	0.0	0.00118898623279	0.0	0.0	0.00081351689612	0.0	6.25782227785e-05	0.0	0.0	0.000125156445557	6.25782227785e-05	0.0	0.000438047559449	0.00281602002503	0.0
k__Bacteria;p__Firmicutes;c__Clostridia;o__Clostridiales;f__Lachnospiraceae;g__	0.000438047559449	0.00256570713392	0.00275344180225	0.00125156445557	0.00125156445557	0.0185231539424	0.000750938673342	0.00187734668335	0.00212765957447	0.0784105131414	0.00394242803504	0.000938673341677	0.00525657071339	0.000563204005006	0.0014392991239	0.00150187734668	0.00137672090113	0.00331664580726	0.00475594493116
k__Bacteria;p__Firmicutes;c__Clostridia;o__Clostridiales;f__Lachnospiraceae;g__Anaerostipes	0.0	0.0	6.25782227785e-05	0.0	0.0	6.25782227785e-05	0.0	6.25782227785e-05	0.0	6.25782227785e-05	0.000187734668335	6.25782227785e-05	6.25782227785e-05	0.0	0.0	0.0	0.0	0.0	0.0
k__Bacteria;p__Firmicutes;c__Clostridia;o__Clostridiales;f__Lachnospiraceae;g__Blautia	0.00425531914894	0.0122653316646	0.00807259073842	0.00269086357947	0.000125156445557	0.0111389236546	0.000625782227785	0.00100125156446	0.000438047559449	0.00350438047559	0.000688360450563	0.000312891113892	0.000750938673342	0.000438047559449	0.00081351689612	0.000375469336671	0.00156445556946	0.00250312891114	0.0040675844806
k__Bacteria;p__Firmicutes;c__Clostridia;o__Clostridiales;f__Lachnospiraceae;g__Coprococcus	0.000438047559449	0.000312891113892	6.25782227785e-05	0.00106382978723	0.000312891113892	0.000187734668335	6.25782227785e-05	0.000125156445557	0.000187734668335	0.000438047559449	0.000688360450563	0.000125156445557	0.000438047559449	6.25782227785e-05	0.000438047559449	0.0	0.0	0.000187734668335	0.000250312891114
k__Bacteria;p__Firmicutes;c__Clostridia;o__Clostridiales;f__Lachnospiraceae;g__Dorea	0.000250312891114	0.00125156445557	0.0017521902378	0.000563204005006	0.000187734668335	0.000438047559449	0.000125156445557	0.000563204005006	0.0	0.00118898623279	0.000125156445557	0.000375469336671	0.000500625782228	0.000125156445557	6.25782227785e-05	0.0	0.000312891113892	0.000876095118899	0.00287859824781
k__Bacteria;p__Firmicutes;c__Clostridia;o__Clostridiales;f__Lachnospiraceae;g__Roseburia	0.0	0.0	0.0	0.0	0.0	0.0	0.0	0.0	0.0	0.0	0.0	0.0	0.0	0.0	0.0	6.25782227785e-05	0.0	6.25782227785e-05	6.25782227785e-05
k__Bacteria;p__Firmicutes;c__Clostridia;o__Clostridiales;f__Lachnospiraceae;g__Ruminococcus	0.0	0.0	0.0	0.0	0.0	0.0	0.0	0.0	0.0	0.0	0.0	0.0	0.0	0.0	0.0	0.0	0.0	0.0	6.25782227785e-05
k__Bacteria;p__Firmicutes;c__Clostridia;o__Clostridiales;f__Lachnospiraceae;g__[Ruminococcus]	0.000500625782228	0.00187734668335	0.00306633291615	0.00356695869837	0.0014392991239	0.077972465582	0.000688360450563	0.00200250312891	0.00613266583229	0.00206508135169	0.0049436795995	0.000688360450563	0.0081351689612	0.00469336670839	0.000938673341677	0.000750938673342	0.00675844806008	0.00281602002503	0.00644555694618
k__Bacteria;p__Firmicutes;c__Clostridia;o__Clostridiales;f__Peptococcaceae;g__rc4-4	0.0	0.0	0.0	0.0	0.0	0.0	0.0	0.0	0.0	0.0	6.25782227785e-05	0.0	0.0	0.0	0.0	6.25782227785e-05	0.0	0.0	0.0
k__Bacteria;p__Firmicutes;c__Clostridia;o__Clostridiales;f__Peptostreptococcaceae;g__	0.0	0.0	0.0	0.0	0.0	6.25782227785e-05	0.0	0.0	6.25782227785e-05	0.0	0.0	0.0	0.0	0.0	0.0	0.0	0.0	0.0	6.25782227785e-05
k__Bacteria;p__Firmicutes;c__Clostridia;o__Clostridiales;f__Peptostreptococcaceae;g__[Clostridium]	0.000312891113892	0.000125156445557	6.25782227785e-05	0.000250312891114	0.0	0.0	0.0	6.25782227785e-05	6.25782227785e-05	0.0	0.0	0.0	0.000312891113892	6.25782227785e-05	0.0	0.0	0.0	0.0	0.000125156445557
k__Bacteria;p__Firmicutes;c__Clostridia;o__Clostridiales;f__Ruminococcaceae;g__	0.0192740926158	0.0225281602003	0.0202753441802	0.00450563204005	0.0175844806008	0.0358573216521	0.0219023779725	0.0146433041302	0.00300375469337	0.0248435544431	0.00456821026283	0.00325406758448	0.00438047559449	0.00225281602003	0.00951188986233	0.00350438047559	0.0049436795995	0.0568836045056	0.0270963704631
k__Bacteria;p__Firmicutes;c__Clostridia;o__Clostridiales;f__Ruminococcaceae;g__Oscillospira	0.000625782227785	0.00187734668335	0.00131414267835	0.000625782227785	0.00212765957447	0.00281602002503	0.000375469336671	0.00100125156446	0.000187734668335	0.0202753441802	0.00081351689612	0.00206508135169	0.000938673341677	0.000187734668335	0.00150187734668	0.00156445556946	0.00106382978723	0.00219023779725	0.00281602002503
k__Bacteria;p__Firmicutes;c__Clostridia;o__Clostridiales;f__Ruminococcaceae;g__Ruminococcus	0.000375469336671	0.000750938673342	0.000938673341677	0.00081351689612	0.00100125156446	0.00926157697121	0.00100125156446	0.000312891113892	0.000688360450563	0.00306633291615	0.00100125156446	0.000938673341677	0.00506883604506	0.000500625782228	0.00206508135169	0.00118898623279	0.00125156445557	0.00475594493116	0.00325406758448
k__Bacteria;p__Firmicutes;c__Clostridia;o__Clostridiales;f__Veillonellaceae;g__	0.0	0.0	0.0	0.0	0.0	0.000438047559449	0.0	0.0	0.0	0.0	0.0	0.0	0.0	0.0	0.0	0.0	0.0	0.0	0.0
k__Bacteria;p__Firmicutes;c__Clostridia;o__Clostridiales;f__Veillonellaceae;g__Megamonas	0.307697121402	0.332290362954	0.32071339174	0.0127659574468	0.00312891113892	0.00394242803504	0.0637672090113	0.251564455569	0.00269086357947	0.00438047559449	0.00513141426783	0.00832290362954	0.0072590738423	0.00181476846058	0.00306633291615	0.00569461827284	0.00312891113892	0.00269086357947	0.101376720901
k__Bacteria;p__Firmicutes;c__Clostridia;o__Clostridiales;f__Veillonellaceae;g__Phascolarctobacterium	0.417959949937	0.204568210263	0.245431789737	0.155569461827	0.00456821026283	0.0058197747184	0.136295369212	0.168210262829	0.00506883604506	0.00750938673342	0.00932415519399	0.238047559449	0.497434292866	0.00375469336671	0.00488110137672	0.0090112640801	0.00694618272841	0.00525657071339	0.373153942428
k__Bacteria;p__Firmicutes;c__Clostridia;o__Clostridiales;f__Veillonellaceae;g__Veillonella	0.000125156445557	0.0	0.0	0.0	0.0	0.0	0.0	0.0	0.0	0.0	0.0	0.0	0.0	0.0	6.25782227785e-05	0.0	0.0	0.0	0.0
k__Bacteria;p__Firmicutes;c__Clostridia;o__Clostridiales;f__[Mogibacteriaceae];g__	6.25782227785e-05	0.0	6.25782227785e-05	0.0	0.0	6.25782227785e-05	0.0	0.0	0.0	6.25782227785e-05	0.0	0.0	0.000125156445557	0.0	6.25782227785e-05	0.0	0.0	0.0	0.0
k__Bacteria;p__Firmicutes;c__Erysipelotrichi;o__Erysipelotrichales;f__Erysipelotrichaceae;g__	0.0177096370463	0.0613892365457	0.0426783479349	0.0167083854819	0.000876095118899	0.00100125156446	0.00275344180225	0.0185857321652	0.00125156445557	0.00212765957447	0.00269086357947	0.00300375469337	0.265519399249	0.000750938673342	0.0017521902378	0.00181476846058	0.00112640801001	0.00081351689612	0.0381727158949
k__Bacteria;p__Firmicutes;c__Erysipelotrichi;o__Erysipelotrichales;f__Erysipelotrichaceae;g__Allobaculum	0.00369211514393	0.00688360450563	0.00344180225282	0.00569461827284	0.000500625782228	0.000500625782228	0.00118898623279	0.00294117647059	0.000187734668335	0.00219023779725	0.00400500625782	0.00137672090113	0.00081351689612	0.000125156445557	0.0	0.00131414267835	0.0063829787234	0.000500625782228	0.000750938673342
k__Bacteria;p__Firmicutes;c__Erysipelotrichi;o__Erysipelotrichales;f__Erysipelotrichaceae;g__Clostridium	0.000500625782228	0.000125156445557	0.0	6.25782227785e-05	0.0	0.0	0.0	0.0	0.0	0.0	0.0	0.0	0.0	0.0	0.0	0.0	0.0	0.0	6.25782227785e-05
k__Bacteria;p__Firmicutes;c__Erysipelotrichi;o__Erysipelotrichales;f__Erysipelotrichaceae;g__Coprobacillus	0.000438047559449	0.000375469336671	0.000438047559449	0.000187734668335	0.000125156445557	0.0017521902378	6.25782227785e-05	6.25782227785e-05	0.000938673341677	0.000438047559449	0.000375469336671	0.000187734668335	0.000250312891114	0.000250312891114	0.000563204005006	0.0	0.00125156445557	0.000876095118899	0.000312891113892
k__Bacteria;p__Firmicutes;c__Erysipelotrichi;o__Erysipelotrichales;f__Erysipelotrichaceae;g__Holdemania	0.0	0.000312891113892	0.0	0.000125156445557	6.25782227785e-05	0.000125156445557	6.25782227785e-05	0.000750938673342	6.25782227785e-05	0.000125156445557	6.25782227785e-05	0.0	0.000125156445557	0.0	0.000312891113892	0.0	6.25782227785e-05	0.0	0.00100125156446
k__Bacteria;p__Firmicutes;c__Erysipelotrichi;o__Erysipelotrichales;f__Erysipelotrichaceae;g__[Eubacterium]	0.00150187734668	0.00193992490613	0.000876095118899	0.000125156445557	0.00081351689612	0.0161451814768	0.000125156445557	0.000563204005006	0.00219023779725	0.00444305381727	0.000563204005006	0.000500625782228	0.00556946182728	0.000438047559449	0.00131414267835	0.000750938673342	0.000938673341677	0.00294117647059	0.00181476846058
k__Bacteria;p__Fusobacteria;c__Fusobacteriia;o__Fusobacteriales;f__Fusobacteriaceae;g__Fusobacterium	0.00369211514393	0.0340425531915	0.00481852315394	0.0216520650814	0.0473717146433	0.0220901126408	0.00356695869837	0.208135168961	0.00275344180225	0.0026282853567	0.00250312891114	0.00344180225282	0.0331664580726	0.00225281602003	0.0344180225282	0.00350438047559	0.00168961201502	0.0023153942428	0.173028785982
k__Bacteria;p__Proteobacteria;c__Alphaproteobacteria;o__Caulobacterales;f__Caulobacteraceae;g__	0.0	0.0	0.0	0.0	0.0	6.25782227785e-05	0.0	0.0	6.25782227785e-05	0.0	0.0	0.0	0.0	0.0	0.0	0.0	0.0	0.0	0.0
k__Bacteria;p__Proteobacteria;c__Alphaproteobacteria;o__Caulobacterales;f__Caulobacteraceae;g__Phenylobacterium	0.0	0.0	0.0	0.0	0.0	0.0	0.0	0.0	0.0	0.0	0.0	0.0	0.0	0.0	0.0	0.0	0.0	6.25782227785e-05	0.0
k__Bacteria;p__Proteobacteria;c__Alphaproteobacteria;o__Rhizobiales;f__Aurantimonadaceae;g__	0.0	0.0	0.0	0.0	0.0	0.0	0.0	0.0	6.25782227785e-05	0.0	0.0	0.0	0.0	0.0	0.0	0.0	0.0	0.0	0.0
k__Bacteria;p__Proteobacteria;c__Alphaproteobacteria;o__Rhizobiales;f__Hyphomicrobiaceae;g__Hyphomicrobium	0.0	0.0	0.0	0.0	0.0	0.0	0.0	0.0	6.25782227785e-05	0.0	0.0	0.0	0.0	0.0	0.0	0.0	0.0	0.0	0.0
k__Bacteria;p__Proteobacteria;c__Alphaproteobacteria;o__Rhizobiales;f__Methylobacteriaceae;g__	0.0	0.0	0.0	0.0	0.0	0.0	6.25782227785e-05	0.0	0.0	0.0	6.25782227785e-05	0.0	0.0	0.0	6.25782227785e-05	0.0	0.0	0.0	0.0
k__Bacteria;p__Proteobacteria;c__Alphaproteobacteria;o__Rhizobiales;f__Methylobacteriaceae;g__Methylobacterium	0.0	0.0	6.25782227785e-05	0.0	0.0	0.0	0.0	0.0	0.0	0.0	0.0	0.0	0.0	0.0	0.0	0.0	0.0	0.0	0.0
k__Bacteria;p__Proteobacteria;c__Alphaproteobacteria;o__Sphingomonadales;f__Erythrobacteraceae;g__Altererythrobacter	0.0	0.0	0.0	6.25782227785e-05	0.0	0.0	0.0	0.0	0.0	0.0	0.0	0.0	0.0	0.0	0.0	0.0	0.0	0.0	0.0
k__Bacteria;p__Proteobacteria;c__Alphaproteobacteria;o__Sphingomonadales;f__Sphingomonadaceae;g__Sphingomonas	0.0	0.0	0.0	0.0	0.0	0.0	0.0	0.0	0.0	0.0	0.0	6.25782227785e-05	0.0	0.0	0.0	0.0	0.0	0.0	0.0
k__Bacteria;p__Proteobacteria;c__Betaproteobacteria;o__Burkholderiales;f__;g__	0.00081351689612	0.000312891113892	0.000125156445557	0.000187734668335	0.000688360450563	0.00644555694618	0.000375469336671	0.00081351689612	0.00081351689612	0.00362953692115	0.000187734668335	0.000125156445557	0.000250312891114	0.000563204005006	0.00150187734668	0.00250312891114	0.000563204005006	0.00256570713392	0.000125156445557
k__Bacteria;p__Proteobacteria;c__Betaproteobacteria;o__Burkholderiales;f__Alcaligenaceae;g__Sutterella	0.0183979974969	0.00700876095119	0.00469336670839	0.00387984981227	0.0646433041302	0.352941176471	0.00575719649562	0.020901126408	0.0183979974969	0.231727158949	0.0128285356696	0.00688360450563	0.00550688360451	0.00632040050063	0.0548185231539	0.0182102628285	0.0102628285357	0.0482478097622	0.00556946182728
k__Bacteria;p__Proteobacteria;c__Betaproteobacteria;o__Burkholderiales;f__Comamonadaceae;g__Limnobacter	0.0	0.0	0.0	0.0	0.0	0.0	0.0	0.0	0.0	0.0	0.0	0.0	0.0	0.0	0.0	6.25782227785e-05	0.0	0.0	0.0
k__Bacteria;p__Proteobacteria;c__Betaproteobacteria;o__Burkholderiales;f__Comamonadaceae;g__Schlegelella	0.0	0.0	6.25782227785e-05	0.0	0.0	6.25782227785e-05	0.0	0.0	0.0	0.0	0.0	0.0	0.0	0.0	0.0	0.0	6.25782227785e-05	6.25782227785e-05	0.0
k__Bacteria;p__Proteobacteria;c__Betaproteobacteria;o__Burkholderiales;f__Oxalobacteraceae;g__Janthinobacterium	0.0	0.0	6.25782227785e-05	0.0	0.000500625782228	0.000876095118899	0.0	6.25782227785e-05	0.0	0.000312891113892	0.000125156445557	0.0	0.0	0.000125156445557	0.000876095118899	6.25782227785e-05	6.25782227785e-05	6.25782227785e-05	0.0
k__Bacteria;p__Proteobacteria;c__Betaproteobacteria;o__Burkholderiales;f__Oxalobacteraceae;g__Oxalobacter	0.0	0.0	6.25782227785e-05	6.25782227785e-05	6.25782227785e-05	0.0	0.0	0.0	0.0	0.0	0.0	0.0	0.0	0.0	6.25782227785e-05	0.0	0.0	0.0	0.0
k__Bacteria;p__Proteobacteria;c__Betaproteobacteria;o__Methylophilales;f__Methylophilaceae;g__	0.0	0.0	0.0	0.0	0.0	6.25782227785e-05	0.0	0.0	0.0	0.0	0.0	0.0	0.0	0.0	0.0	0.0	0.0	0.0	0.0
k__Bacteria;p__Proteobacteria;c__Deltaproteobacteria;o__Desulfovibrionales;f__Desulfovibrionaceae;g__	0.0	6.25782227785e-05	0.0	0.0	0.0	0.0	0.0	0.0	0.0	0.0	0.0	0.0	0.0	0.0	0.0	0.0	0.0	0.0	6.25782227785e-05
k__Bacteria;p__Proteobacteria;c__Deltaproteobacteria;o__Desulfovibrionales;f__Desulfovibrionaceae;g__Bilophila	0.000125156445557	0.0014392991239	0.000250312891114	0.000125156445557	0.00431789737171	0.000563204005006	0.000187734668335	0.0160826032541	0.000250312891114	0.000688360450563	0.000187734668335	0.000375469336671	0.00100125156446	0.000187734668335	0.000187734668335	0.000438047559449	0.000187734668335	0.000125156445557	0.00775969962453
k__Bacteria;p__Proteobacteria;c__Deltaproteobacteria;o__Desulfovibrionales;f__Desulfovibrionaceae;g__Desulfovibrio	0.000438047559449	0.00118898623279	0.000750938673342	0.000688360450563	0.00112640801001	0.00907384230288	0.00212765957447	0.00481852315394	0.000438047559449	0.00118898623279	0.000438047559449	0.00538172715895	0.0245306633292	0.000187734668335	0.000375469336671	0.000938673341677	0.00244055068836	0.000500625782228	0.00657071339174
k__Bacteria;p__Proteobacteria;c__Epsilonproteobacteria;o__Campylobacterales;f__Helicobacteraceae;g__	6.25782227785e-05	0.0	0.0	0.0	0.0	6.25782227785e-05	0.0	0.0	0.0	0.0	6.25782227785e-05	0.0	0.0	0.0	0.0	0.0	0.0	0.0	0.0
k__Bacteria;p__Proteobacteria;c__Epsilonproteobacteria;o__Campylobacterales;f__Helicobacteraceae;g__Flexispira	0.0	0.0	0.0	0.0	0.0	0.0	6.25782227785e-05	0.0	0.0	6.25782227785e-05	0.0	0.0	0.0	0.0	0.0	0.0	0.0	0.0	0.0
k__Bacteria;p__Proteobacteria;c__Gammaproteobacteria;o__Alteromonadales;f__Idiomarinaceae;g__Pseudidiomarina	6.25782227785e-05	0.0	0.0	0.0	0.0	0.0	0.0	0.0	0.0	0.0	0.0	0.0	0.0	0.0	0.0	0.0	0.0	0.0	0.0
k__Bacteria;p__Proteobacteria;c__Gammaproteobacteria;o__Enterobacteriales;f__Enterobacteriaceae;g__	0.0480600750939	0.0729036295369	0.0954943679599	0.0136420525657	0.12478097622	0.16508135169	0.115894868586	0.0101376720901	0.178785982478	0.0812891113892	0.168710888611	0.124280350438	0.00938673341677	0.261138923655	0.235481852315	0.310763454318	0.126720901126	0.169211514393	0.0100750938673
k__Bacteria;p__Proteobacteria;c__Gammaproteobacteria;o__Enterobacteriales;f__Enterobacteriaceae;g__Aquamonas	0.0	0.0	0.0	0.0	0.0	0.0	0.0	0.0	0.0	0.0	0.0	6.25782227785e-05	0.0	0.0	0.0	0.0	0.0	0.0	0.0
k__Bacteria;p__Proteobacteria;c__Gammaproteobacteria;o__Enterobacteriales;f__Enterobacteriaceae;g__Enterobacter	0.0	6.25782227785e-05	0.000125156445557	6.25782227785e-05	6.25782227785e-05	6.25782227785e-05	0.000125156445557	0.0	0.000125156445557	6.25782227785e-05	0.000187734668335	0.000688360450563	6.25782227785e-05	0.000187734668335	0.000187734668335	0.0	0.000250312891114	6.25782227785e-05	0.0
k__Bacteria;p__Proteobacteria;c__Gammaproteobacteria;o__Enterobacteriales;f__Enterobacteriaceae;g__Erwinia	0.000187734668335	0.000187734668335	0.000563204005006	0.000312891113892	0.00312891113892	0.00325406758448	0.000312891113892	6.25782227785e-05	0.0014392991239	0.0017521902378	0.00100125156446	0.00137672090113	6.25782227785e-05	0.00256570713392	0.00350438047559	0.00575719649562	0.0014392991239	0.00125156445557	0.0
k__Bacteria;p__Proteobacteria;c__Gammaproteobacteria;o__Enterobacteriales;f__Enterobacteriaceae;g__Klebsiella	6.25782227785e-05	0.000250312891114	0.000125156445557	0.000500625782228	0.00275344180225	0.00100125156446	0.000750938673342	0.000187734668335	0.000876095118899	0.000375469336671	0.00500625782228	0.000563204005006	0.0	0.00281602002503	0.0040675844806	0.0014392991239	0.00250312891114	0.000876095118899	0.000125156445557
k__Bacteria;p__Proteobacteria;c__Gammaproteobacteria;o__Enterobacteriales;f__Enterobacteriaceae;g__Plesiomonas	0.0	0.0	0.0	0.0	6.25782227785e-05	0.0	0.0	0.0	0.0	0.0	0.0	0.0	0.0	0.0	0.0	0.0	0.0	0.0	0.0
k__Bacteria;p__Proteobacteria;c__Gammaproteobacteria;o__Enterobacteriales;f__Enterobacteriaceae;g__Salmonella	0.0	0.0	0.0	0.0	0.0	0.0	0.0	0.0	0.0	0.0	6.25782227785e-05	0.000187734668335	0.0	6.25782227785e-05	0.0	6.25782227785e-05	0.000125156445557	0.0	0.0
k__Bacteria;p__Proteobacteria;c__Gammaproteobacteria;o__Enterobacteriales;f__Enterobacteriaceae;g__Samsonia	0.0	0.0	0.0	0.0	0.0	0.0	0.0	0.0	0.0	0.0	0.0	6.25782227785e-05	0.0	0.0	0.0	0.0	0.0	0.0	0.0
k__Bacteria;p__Proteobacteria;c__Gammaproteobacteria;o__Enterobacteriales;f__Enterobacteriaceae;g__Serratia	0.0	0.0	6.25782227785e-05	0.0	0.0	0.0	0.0	0.0	6.25782227785e-05	0.0	0.0	0.0	0.0	6.25782227785e-05	0.0	0.0	0.0	0.0	0.0
k__Bacteria;p__Proteobacteria;c__Gammaproteobacteria;o__Enterobacteriales;f__Enterobacteriaceae;g__Trabulsiella	0.000250312891114	0.000187734668335	0.00100125156446	0.000500625782228	0.000938673341677	0.00250312891114	0.00337922403004	0.000563204005006	0.00106382978723	0.00081351689612	0.00181476846058	0.0157071339174	0.000625782227785	0.00381727158949	0.00269086357947	0.0014392991239	0.00150187734668	0.000938673341677	0.000500625782228
k__Bacteria;p__Proteobacteria;c__Gammaproteobacteria;o__Oceanospirillales;f__Halomonadaceae;g__Halomonas	0.0	6.25782227785e-05	0.0	0.0	0.0	0.0	0.0	0.0	0.0	0.0	0.0	0.0	0.0	0.0	0.0	0.0	0.0	0.0	0.0
k__Bacteria;p__Proteobacteria;c__Gammaproteobacteria;o__Pseudomonadales;f__Moraxellaceae;g__	0.0	0.0	6.25782227785e-05	0.0	0.0	0.000125156445557	0.0	0.0	6.25782227785e-05	0.0	0.0	6.25782227785e-05	0.0	0.0	0.0	0.0	0.0	0.0	0.0
k__Bacteria;p__Proteobacteria;c__Gammaproteobacteria;o__Pseudomonadales;f__Moraxellaceae;g__Acinetobacter	6.25782227785e-05	0.000125156445557	6.25782227785e-05	0.000187734668335	6.25782227785e-05	0.000125156445557	0.000125156445557	0.0	6.25782227785e-05	0.0	0.0	0.000438047559449	6.25782227785e-05	0.000187734668335	0.000125156445557	0.0	6.25782227785e-05	6.25782227785e-05	0.0
k__Bacteria;p__Proteobacteria;c__Gammaproteobacteria;o__Pseudomonadales;f__Moraxellaceae;g__Enhydrobacter	6.25782227785e-05	0.0	0.0	0.0	0.0	0.0	0.0	0.0	0.0	0.0	0.0	0.000125156445557	0.0	0.0	0.0	0.0	0.0	0.0	0.0
k__Bacteria;p__Proteobacteria;c__Gammaproteobacteria;o__Pseudomonadales;f__Pseudomonadaceae;g__Pseudomonas	0.0	0.0	0.0	0.0	0.0	0.0	0.0	0.0	0.0	0.0	0.0	0.0	0.0	6.25782227785e-05	0.0	0.0	0.0	0.0	0.0
k__Bacteria;p__Proteobacteria;c__Gammaproteobacteria;o__Xanthomonadales;f__Xanthomonadaceae;g__	0.0	6.25782227785e-05	0.0	6.25782227785e-05	0.0	0.0	0.0	0.0	0.0	0.0	0.0	0.0	0.0	0.0	0.0	0.0	0.0	6.25782227785e-05	0.0
k__Bacteria;p__Proteobacteria;c__Gammaproteobacteria;o__Xanthomonadales;f__Xanthomonadaceae;g__Pseudoxanthomonas	0.0	0.0	0.0	0.0	0.0	0.0	6.25782227785e-05	0.0	0.0	0.0	0.0	0.0	0.0	0.0	0.0	0.0	0.0	0.0	0.0
k__Bacteria;p__TM7;c__TM7-3;o__CW040;f__F16;g__	0.0	6.25782227785e-05	0.0	0.0	0.0	0.0	0.0	0.0	0.0	0.0	0.0	0.0	0.0	0.0	0.0	0.0	0.0	0.0	0.0
k__Bacteria;p__Tenericutes;c__Mollicutes;o__RF39;f__;g__	0.0	6.25782227785e-05	6.25782227785e-05	6.25782227785e-05	0.0	6.25782227785e-05	0.0	0.0	0.0	0.000250312891114	0.000125156445557	0.0	0.000125156445557	0.0	0.0	6.25782227785e-05	0.0	0.0	0.0
k__Bacteria;p__Verrucomicrobia;c__Verrucomicrobiae;o__Verrucomicrobiales;f__Verrucomicrobiaceae;g__Akkermansia	0.122403003755	0.197809762203	0.207071339174	0.717647058824	0.468272841051	0.217209011264	0.614956195244	0.189924906133	0.730475594493	0.203629536921	0.735857321652	0.554192740926	0.0945556946183	0.694305381727	0.551001251564	0.539111389237	0.794555694618	0.644618272841	0.114893617021